01136
00832
00235
02457
00289
00361
00557
00352
03732
00667
03879
00457
02806
03252
04062
02674
02180
01617
01298
01518
00098
00266
02977
00514
00371
03190
01675
03761
02763
02707
03803
00834
02624
01187
01559
00399
01479
03887
03890
00824
01039
02638
01550
02772
04147
00426
02189
02672
03852
02369
04173
03734
03771
01302
02618
01691
02046
00878
04095
00716
00829
03685
01771
00441
02490
01474
04163
00106
01107
04085
03877
02760
00478
02686
03350
00793
04193
00112
03464
03737
01856
00530
03029
00929
03510
01995
00017
01680
00934
00228
02517
03819
01705
01348
02549
01615
03933
02132
03065
01199
02423
02654
00879
01221
03935
00415
03969
03222
00789
01456
01711
02626
00048
03311
01497
00700
03991
02568
02355
03626
02835
02732
01551
00193
02407
03843
00480
01853
00429
03247
01378
01363
00554
00908
00192
02184
00702
02337
03263
03129
02217
02934
03741
04109
03162
03839
00975
00174
01206
02136
00140
01607
03703
01723
01852
00756
03057
01594
01753
00131
04159
01176
02507
01881
03780
03823
00055
03485
02801
02797
01458
03268
03735
01198
03353
02539
02232
04114
03790
02248
03772
03727
01400
03900
03278
02729
03816
01120
01214
01430
03354
01739
00619
03426
01156
01652
00081
02461
01374
02870
00391
02330
02134
01629
00236
02555
00537
03373
02302
00950
00638
01098
02688
00885
02321
04000
02362
01963
00148
02178
01200
01639
03084
00580
00763
00561
01188
01541
02791
01668
00684
00182
04177
00741
00325
04166
04125
01007
02420
02730
00437
00733
00659
02838
01974
00781
00194
02682
03725
03508
00915
04126
02516
00828
02092
00949
01296
03131
03700
00003
03982
01689
02294
01709
00729
01369
03654
02025
02109
03749
02366
03729
00685
01197
02691
02265
01573
03604
02164
02245
03954
03481
01830
02179
03104
01685
03291
01770
02827
02207
00775
02219
00826
03535
03371
02400
00821
03537
00818
01501
01009
01582
01523
02043
00724
02748
03491
03051
03503
03378
03145
03914
03901
01357
03808
01454
00774
03187
00669
01071
00419
02122
03832
02608
03721
00863
01283
02500
01079
03791
02950
02929
03173
00015
03170
03254
01341
01933
03407
04025
01955
03932
00692
03606
03107
00005
00505
01609
00061
01676
03927
00341
01334
01880
02433
01417
02030
00059
02960
01959
03389
02044
00430
02658
00357
00379
00683
00595
03206
03697
02177
00404
01256
03753
02927
00605
00890
00261
00040
03655
03689
03109
01864
03157
02882
02221
02284
04016
03011
00616
01861
00212
03146
00364
02218
00146
00259
02452
00030
00020
03369
03401
02506
01795
03797
02287
02100
01006
02021
03556
00088
01657
02346
00870
04142
03056
01730
01082
00544
02000
00959
03380
00036
03742
03228
00597
02593
02701
03140
03095
01839
02546
03432
02376
03720
02874
01411
00819
04146
03810
00887
01957
01017
02112
01834
01030
00434
03238
00901
02243
02120
03434
00486
01528
01718
00600
00553
00043
01102
01601
03660
02527
01549
02917
02089
00798
00196
00917
02566
00063
01289
00071
03267
03137
01436
03361
03996
04149
04100
02961
00750
02035
03081
03274
03391
03520
01797
03387
01247
03280
03956
01362
00753
01808
02745
01897
00073
03127
04099
03183
01146
02916
02591
00396
01204
03589
00153
03421
03489
04050
00052
02454
02279
00699
02064
00072
03168
01563
03633
01928
03894
03882
00854
02170
01347
02510
02224
00488
04070
03552
02958
03649
04155
03862
02359
00762
01965
03938
02809
02379
02326
01544
02630
01713
03828
01970
02186
03630
02869
00000
03365
03071
01113
02478
02083
01137
03674
03645
00049
03675
01070
03308
01608
01887
03966
02565
03784
00672
00216
00760
00639
01854
00872
00945
00366
03306
03288
04047
03343
03775
02590
00377
01969
03435
00412
03328
02176
01620
00384
01611
02130
03588
03526
03947
01428
03021
01658
03413
00135
00129
04023
01281
03155
02847
00097
03507
01604
02902
00296
03728
01910
03496
00551
03619
01236
00545
03324
00583
01056
01219
00802
02648
03266
02554
01536
01712
02473
01516
03571
00449
02759
02124
02295
00757
02104
02416
02317
00745
04066
03231
01464
00451
00042
02824
03594
03295
02150
00726
02475
02157
03574
02906
02192
02551
00723
00172
00715
02861
02051
01248
02395
02851
01644
01218
00578
02117
01684
02512
02887
00811
01578
03317
02564
01057
02871
00575
01949
00199
02412
03149
00009
03368
02854
02888
03119
02891
02476
00143
01077
02776
01929
02096
04071
01190
03766
02304
03176
03637
02085
00392
01522
03180
03043
00869
00730
03216
00144
03207
02970
00119
04116
03591
02301
00952
04059
01693
01161
01380
00629
02834
03863
01954
02657
02069
02097
00799
02725
00601
01287
02528
03511
02846
00320
01994
00540
03466
01495
00268
00916
03586
03445
00923
03012
03332
03755
01750
03381
01585
03484
03015
02508
02131
01165
04110
03459
02015
02016
03409
00202
03337
02572
03977
04040
03289
03912
01383
00190
02818
01080
02314
04033
02532
03666
00573
03629
03019
00565
01066
02281
01593
02240
02163
03299
01311
02223
02191
01588
03229
00727
00849
01614
02875
03643
00463
02596
01964
03978
03524
00487
01729
00893
00993
04093
01662
00351
00319
01977
00145
00747
01602
00859
00425
01650
02466
03249
03756
02003
02975
00512
01823
00602
03532
00790
02968
00400
03825
01329
00226
02384
00704
02912
01598
00531
04075
02778
00227
04098
03513
01487
00108
03330
01403
00339
03390
02009
00899
00693
01909
02307
00045
00627
01455
00170
00363
00680
02716
01915
00787
03364
02448
03815
01749
03576
01111
00718
02789
00809
00037
01554
03611
02712
03313
02969
00410
03111
03613
01010
03460
00075
02335
02327
03092
00732
01075
03884
02118
00247
02095
01767
04014
03861
00689
01886
00894
04058
02350
03453
03198
02800
01427
01416
01822
01420
03908
03580
03622
03226
00027
01275
03620
00698
01782
02685
03744
04198
00577
00116
02525
03248
01524
01261
01982
03030
02286
03951
00800
01569
00502
01036
00938
01423
01053
01790
01721
02126
00321
02328
01534
01992
02754
02844
02581
01149
03712
00666
03667
00843
00835
03668
00342
02605
01911
04135
02839
03181
00635
00861
00340
02188
03259
03292
00138
01064
02545
01708
01290
02894
02779
01191
02651
00252
03967
02468
03088
00078
00801
03020
02377
03876
02918
00445
03907
02349
01227
02530
01243
03502
02054
03943
00992
01304
01612
02068
02018
03942
01972
02489
03297
02386
04196
02634
02106
02738
03822
01186
00012
01484
03314
01122
00803
01264
03739
03106
00567
00362
00091
00026
01231
01635
00524
02413
02033
02714
02439
00383
02138
00271
00209
03990
02805
00910
04082
03625
00187
04120
03186
02937
00797
02790
01047
02389
00548
02458
03442
03096
04153
00175
01651
00380
03627
02959
00728
03830
03875
01740
02908
02679
00668
02450
00697
00155
02629
00895
03006
02665
03078
03533
03318
02704
02641
03038
03501
01555
04076
01695
02924
01951
02588
01590
04026
04046
02764
02434
03918
01398
00095
01855
02168
03264
03672
02631
04138
01459
01681
00888
03913
00169
02403
00019
00114
02520
01229
01321
03796
03294
03583
00165
04024
02250
00498
00940
01844
03632
02677
02936
02344
01610
03052
04073
01600
03191
00304
01157
00197
01496
00367
02467
03745
00035
01351
01097
01896
02796
03939
03400
00842
03001
01346
01153
03431
03495
02541
03417
03917
00933
01606
03184
02052
00309
00139
03605
01532
00844
01996
01898
03902
00069
02303
00120
03961
01257
01169
02099
01291
00346
03256
00344
02884
01004
02810
00527
03801
02892
02026
00503
01166
01945
02694
01447
03904
04175
01424
01508
02073
03782
03519
04077
00453
02808
03895
03412
02308
02576
01878
02060
02666
00201
03196
02383
01050
02504
01442
01368
00735
02229
03275
03921
02292
02983
02637
01548
03483
00418
01547
02320
01426
02534
03710
02419
01893
02821
00427
02873
01293
03871
02139
04105
02128
03405
02883
00549
01660
01643
01096
03512
02045
03952
01567
03296
00416
03372
02943
03150
02061
03482
02563
01678
03628
02840
02886
01325
03564
01824
04150
02710
03716
01101
00376
00770
02944
02149
03818
00852
01700
01074
02911
01358
03641
03987
01138
00874
03934
03325
03915
00124
02980
03091
01538
02012
01067
00293
01446
03103
03024
01301
02062
03909
04074
03806
01502
01031
02535
02190
03615
01105
00479
03386
03999
00090
01848
01774
01224
02316
00068
01216
00206
00137
00422
00492
03774
03037
00858
00065
00231
03945
00564
03437
01906
00943
01407
02492
00776
01089
03362
03026
03062
01499
00046
00007
04083
02589
02741
01698
02002
00365
01435
03559
00272
01104
03003
00769
00773
03085
00783
00766
03549
02845
02242
03265
00368
02427
00587
01647
02474
00141
00123
01108
00130
01932
04022
01715
01841
03209
02583
04113
03566
03049
00044
03245
00946
01144
02752
01875
01707
00850
01051
00270
02159
01917
04199
02788
03066
03638
01776
02142
00238
00904
03356
01463
00336
03499
04195
02396
02914
04081
01121
00126
03849
01155
00159
02683
03748
01449
02031
00167
01220
02273
03531
03924
03671
01100
00964
02065
02587
02091
02343
03670
01913
01619
00273
00448
00452
03957
00752
01473
02601
03885
01665
03759
01889
01405
01466
01930
02048
00953
00242
03829
01727
00483
01418
00736
02726
03731
00023
01173
03560
01850
00675
02127
00914
00482
04065
00534
04078
01800
00662
01525
00287
03740
02101
02296
03723
04168
01916
03101
03937
00830
02464
02171
00359
02926
01381
03925
02365
00690
00028
01986
01827
00526
04045
00939
02200
00677
02341
00394
00558
02237
03048
01759
01966
02558
01576
01868
00930
03041
00686
03110
03244
02290
01596
00018
02332
02610
02027
02353
00813
02325
02387
00855
00358
02898
01480
03711
03545
02999
02040
01335
00183
00121
01322
02013
00657
02155
02945
04144
03323
02993
01337
02951
02782
01127
02901
01553
04055
01539
02364
02640
03374
00846
03357
02485
00476
01978
00462
03718
01371
01773
01879
00490
02115
02649
01802
03138
02039
00556
04001
01151
03253
03255
00413
04048
00981
01530
04017
03575
00905
00709
03776
03959
01580
03983
02733
00299
03366
03004
02636
03433
02298
01174
03379
00589
03962
01661
01147
02606
03490
03375
01001
02663
02440
02198
03000
01744
01867
03452
00460
04134
02011
00571
00504
00393
03333
01249
02153
01419
01317
03929
01654
03166
03984
03392
03408
00701
01091
00941
03240
04051
02322
01947
02235
04090
03680
01148
03767
02785
04111
02151
02226
02488
02868
02195
04103
02019
01027
02622
01833
01414
00845
00310
00857
00642
03974
04094
00390
00225
02768
01962
03750
00496
03676
02780
02985
02514
01269
03315
02675
02695
02524
00983
01677
02604
02145
02613
03034
01184
01589
01603
01342
00543
02766
03975
00054
02971
01409
02269
02108
02925
02923
01860
02436
02252
02556
00754
00034
01670
02241
00613
01152
03941
01003
01090
03788
04122
02374
03864
03301
01514
03704
00804
03077
03661
02075
00671
03585
01055
01241
00305
02540
01063
00970
01646
03270
01461
03193
03341
01752
00082
03859
03563
01042
02167
00407
02408
01546
00748
03239
00694
02706
00764
00806
01807
03420
00243
01251
04084
02460
01873
02673
02447
01565
00922
03468
03639
02974
00591
03736
00742
02667
02822
02213
00104
00820
00092
03090
02114
02227
00749
01489
02722
02526
03955
00220
01735
00016
03243
00585
03836
03230
01339
03345
03398
01013
03050
01806
00099
00722
01194
00440
00493
00936
01035
00805
00184
00047
03923
03210
01021
03178
02071
03477
00326
02042
00388
03422
01476
01183
04036
01666
02143
01772
00508
00856
01260
02162
03709
01987
00103
00198
00288
00507
02930
00547
00250
00955
03281
02074
04184
03023
01054
03163
03156
03349
03327
00707
02547
01503
04151
01471
02812
00640
00294
01242
02804
03287
03695
00991
03082
00900
04182
00122
01410
03965
00928
00609
00831
01402
03835
03027
00501
00989
02398
01314
00593
02255
03609
01820
01019
02857
01308
03981
00853
02103
01570
00431
01333
03792
01181
01579
01313
00093
00166
00058
03590
01690
03007
02228
01725
00691
03779
02203
01475
01278
01349
02147
00315
01189
01212
02313
01312
02345
00191
02087
01258
00620
02531
01940
03367
01128
01300
00402
00513
03773
03463
02471
01832
01062
00708
00461
01452
00660
00331
00337
00622
00313
03451
00254
01702
03623
01778
02885
03174
03161
00264
03498
00372
02909
04102
01958
03396
03504
03033
03985
00705
01059
02904
02616
00921
01941
03845
00649
00256
03060
02829
02981
00838
02769
00841
01076
03754
01472
02814
02036
03233
02650
00176
02553
03872
00265
01129
02571
02689
03122
02750
01134
02272
02979
01011
02430
00484
03634
01622
03067
02639
00459
01041
02247
01625
00356
01306
02495
01899
02264
01457
02380
01743
00614
01825
00594
01110
02559
02599
03223
03074
01367
00654
01731
01981
02463
02393
02215
03652
01460
02721
00353
00925
03214
02737
03799
00251
03798
04119
02575
01421
02058
01253
00439
03642
02340
00533
01587
04013
03973
01150
03201
04167
01060
03694
02523
02231
04178
03846
01967
00511
00570
02391
03968
02770
03916
01084
02621
02183
00157
03838
03250
03842
04169
01943
04030
00628
00132
03058
03262
01500
00966
00275
03028
00142
03461
04185
02574
00655
01488
03555
03072
03855
02756
01781
01444
02777
01831
01439
01818
00682
01745
04191
03175
01210
02421
00327
02836
03936
01203
00739
02864
03283
01738
00338
03662
02642
02418
02032
00765
02799
02291
02347
01638
01789
01507
04143
03310
02863
02165
02133
01171
04006
00149
01037
03321
01631
03478
03169
03705
02963
00179
00825
03182
02867
01874
02680
00552
00746
03125
03235
03717
02849
02747
03600
03579
02921
04112
00987
01412
03971
01462
00066
01038
03993
01584
03457
02990
03881
03326
02935
02339
00277
01477
02144
03212
04188
01706
00985
01445
03597
02399
01193
00588
00990
02110
00067
02047
03467
00257
03807
02465
00976
00195
00499
01233
00973
02978
00455
04007
04010
00612
00883
03603
00077
00324
00021
03919
02233
00568
01935
03035
03616
02261
00598
01373
02655
01305
00115
00919
03593
02451
03547
00965
04056
02056
01623
00218
04131
00109
02502
01847
00909
02469
04187
03514
02831
01840
03385
00656
03363
02239
03578
02113
03130
01520
01968
04176
02773
03428
03651
00663
01714
02160
03851
01564
03757
02336
03124
01506
02368
01921
01267
03448
03142
00958
02352
03785
01819
00972
01492
02511
02876
01792
00678
00740
00664
00631
01543
03577
01379
03234
02275
02210
04039
00414
03665
00316
03866
00563
00927
00786
01991
01399
03960
02482
02480
02644
00074
02795
02082
04067
03523
02156
00523
03824
01542
01268
02456
00528
01605
03618
03648
00579
00333
02987
00615
01032
01163
01583
03102
00387
02513
03171
01370
02594
01385
01674
01586
03143
01527
01490
00650
03821
02381
04132
03022
01014
00160
00706
02066
00345
01406
00423
03340
00253
03427
02053
01948
01316
00771
01842
03277
02620
01895
01574
02076
02896
00314
03550
03312
00233
00154
02582
03359
03518
03114
02501
03179
00230
01125
01240
02998
01920
00279
03438
00618
01294
01323
02623
01838
02309
01900
02023
03677
03273
03258
00710
00808
01048
00599
03692
03202
02614
03631
01431
00794
02088
04037
03118
02090
00312
00688
01364
02941
01390
01270
04171
04028
02146
02976
03246
03192
00433
01788
02972
02586
01884
00703
01330
00085
01659
03869
02422
01710
03194
02348
01758
03298
01282
00318
03534
00076
03598
00173
01626
00295
01450
02288
03160
02749
04020
01557
00529
02724
04172
02037
02428
04097
02684
01185
01046
00562
00865
01234
04170
00031
00224
01618
03388
03139
01263
02158
03867
02429
01160
00454
03548
03724
00466
02098
00882
01118
01696
02953
03383
01736
01814
01114
00334
00203
02462
00637
00215
03837
02442
02324
04165
03997
01515
03847
01396
02956
01719
01540
00881
04049
02633
00125
00581
02938
03116
02319
02794
02996
00025
01437
01391
03470
03998
00738
02819
01095
00107
02280
03722
01757
00926
03128
03636
03047
01505
02518
01434
02690
03336
01975
03683
00871
02078
02367
03768
03399
01279
03472
02784
03165
03874
03691
02877
02635
03928
02515
02300
02402
00245
04179
03730
01526
00395
01768
02931
00349
02991
00274
01942
03423
01533
01044
03098
01748
01280
00389
03553
01633
01857
01388
01694
00935
03989
01761
00880
02258
03319
03809
01762
02479
03747
03335
01207
02173
02446
02964
03227
02246
02995
02557
01126
00516
00269
00607
02491
03543
03429
00301
03232
02008
03302
01746
01645
01961
03858
03329
04129
03284
03443
00177
02519
03690
02063
01851
00446
02431
02102
01482
01836
03203
04190
00465
02859
01724
00519
00214
03793
00713
00064
01326
02411
03964
01467
03899
00539
03860
00450
00714
03664
02660
00532
02913
03446
00011
03099
03494
02843
00954
00884
04158
00848
03567
03334
00840
02312
04018
00997
03733
03903
00087
02445
02619
02628
03224
04154
02697
00500
03865
01130
01630
03930
01469
03454
01504
03132
01485
00967
01821
01816
00889
03272
00134
03220
02932
03558
02004
00405
02905
03873
02405
03395
03430
01519
03177
01591
03833
02201
02832
00398
00475
02017
01246
00152
00185
00572
00477
04145
02659
02771
01901
02602
00258
03044
00906
02498
01343
02299
02537
00102
01931
00957
00443
01521
02615
01560
02394
01073
01509
02973
00506
02197
03053
03144
01616
02728
03584
02282
01627
03097
00576
03743
01918
00471
01387
02727
01973
01052
00673
01116
02055
03777
01498
03339
03958
00822
00719
02919
03351
01208
00369
00538
01494
02373
00136
04181
01265
00161
02647
02570
03944
02573
00560
02700
01026
03087
03602
02607
00897
01443
02486
04072
01172
02034
04160
00200
02807
00033
03439
03812
02696
00089
01209
04162
02354
01470
02880
01562
00971
03488
01979
04156
03515
01237
02858
01024
01737
04061
01225
02406
03612
03698
00302
04080
02238
02775
01178
04186
03802
04009
01045
01882
01040
03133
01888
00951
00586
02388
02038
04032
02798
02538
03657
02496
00323
03002
00696
00737
04091
03926
01687
03469
03787
00596
01764
01535
01468
01201
00229
01328
00188
03948
03770
03893
01817
02862
02595
03931
01777
00370
04086
01177
02803
02585
00961
03841
02529
03713
02216
01998
03441
01297
01556
02185
02762
01345
03844
03994
04183
02837
03687
01386
04011
01923
00306
00632
03544
01679
00590
00062
01871
02154
00408
01803
03151
01359
02417
02057
03134
00151
02028
00623
02670
02718
01581
01561
03949
01303
00178
01682
03054
03425
02342
00978
03404
00772
01318
03505
01545
03911
03236
01361
01413
03159
02206
01829
00608
04137
03640
03546
03017
04063
03059
03070
01094
04060
01392
03419
03217
00285
00559
02081
02455
00780
01571
00592
02257
01870
03237
01934
01976
01701
01119
02889
02084
01195
02955
00630
02653
00481
01890
00464
03045
03197
01671
02262
00056
02256
01272
00648
02907
04034
