03611
02891
02690
03234
03422
03033
03386
03098
03925
03695
02782
03609
03000
03006
03830
01523
01738
01666
00914
00838
00253
03334
03011
02538
00258
01709
02835
02712
02869
02930
02934
02654
01739
00600
01520
00257
00576
00523
03505
00602
01897
04048
03246
01609
03429
02559
03087
01538
00607
02523
01278
00090
02486
03534
01600
00943
02011
01282
01719
03357
03909
00412
00287
01880
01272
03229
01514
01690
02808
02330
00000
03514
00017
02683
00789
01091
00380
01561
00605
00483
00844
01138
01857
00033
03956
00663
02918
02417
01386
00747
00123
00609
02149
00801
02316
00527
00320
01183
01280
00037
01242
02653
03101
02034
01108
02377
00457
02155
00709
03127
00919
03003
02630
01193
00825
02200
02892
00770
03662
01416
00059
01712
00568
00952
01323
00708
01665
02026
00857
01806
02790
01518
02926
00165
00323
00102
00391
04073
01972
01067
02885
00749
03961
02636
00775
03818
01343
00121
02095
03852
00618
01361
02154
02065
02622
02462
03007
00802
01657
01554
03971
02546
02565
04033
03911
03144
00031
03137
04058
01210
02286
03824
03875
03782
00185
03245
04099
03999
02605
03067
00701
04102
03518
03350
00973
04063
00900
02151
03989
02394
03964
04036
00143
01602
04119
03732
02215
02495
04131
02951
03917
03768
02296
02876
01578
01689
00224
02896
02582
01195
01714
03287
01819
03214
01585
02075
00753
01406
00054
01647
03226
00116
01100
00559
04091
00362
02405
00677
03641
01584
03066
03633
01041
02748
01560
03717
04167
02046
03907
00076
01966
01646
02304
02421
02422
03437
03987
02016
03866
01867
02242
02665
03676
02599
01004
01419
00049
02975
00170
03192
00310
00748
03484
03571
01194
03274
01961
01879
01691
03181
01348
00314
02335
04165
02880
01178
02596
00091
00498
01111
03114
00129
02640
01212
00524
01651
00501
04013
02537
01630
03131
03019
03106
00097
00958
00302
00845
02788
02207
02428
